	136	3186	420	165	3154	116	2866	159	135	172	4	154	8718	3192	8727	3160	138	3175	143	3040	119	146	122	2718	173	166	3185	2863	1586	419	1750	2731	2826	3041	10924	2729	3142	3039	394	188	142	3173	3158	1587	3188	177	3193	3180	118	3156	1585	3129	3131	2824	8719	1584	3187	2723	140	415	144	178	141	111	3	157	3179	2963	183	418	3162	8625	401	164	190	3191	407	1583	2883	187	2714	8730	149	8820	120	139	395	109	412	3164	3194	186	147
136	1.0	-0.283888718699	-0.107175846228	-0.513903062411	-0.200468416829	-0.030133757975	-0.273061667585	-0.336341553945	-0.46230490319	-0.269911133488	-0.073718601505	-0.310790291242	0.334997468266	-0.420476102926	-0.208635995974	-0.115589474392	0.572531491459	-0.355680961675	-0.142470174938	0.116108254217	-0.336181281819	-0.304001978692	-0.239448661928	0.100611557431	-0.282750369957	-0.475657028731	-0.34098750903	-0.0430823637775	-0.025609330852	-0.206934433135	-0.0518186923751	0.0416433440745	-0.101859532944	-0.386751054629	0.240319039733	-0.037740441698	0.272793391147	-0.326053964106	-0.103686145067	-0.307653744394	-0.365489102868	-0.311158281482	-0.0879982658493	0.0532480942417	-0.305423573651	0.191403622627	-0.367410463452	-0.223998158092	-0.146377794266	-0.121513253312	-0.0303162299019	-0.20774880287	-0.182087503515	-0.0235862936764	0.0934504335414	0.000579644187948	-0.287328188518	0.195686851305	-0.353779883273	-0.251409510986	-0.150025317998	-0.265949565101	-0.462781358455	0.0226426757779	-0.297128003751	-0.355031034874	-0.314724178093	-0.00583401531238	-0.201306746896	-0.407753408733	-0.0886266539628	-0.0967928191858	-0.241955341519	-0.341841820595	-0.313190206287	-0.396757635144	-0.247241452493	-0.0416627332193	0.250085106245	-0.176035719072	-0.268320188115	-0.230280984708	-0.365728422535	-0.323253148615	-0.243099603757	-0.361035600504	-0.138672536202	-0.266018342453	-0.0724036400255	-0.174988719291	-0.348527570924	-0.294826802241	-0.289101886624
3186	-0.283888718699	1.0	0.112789059796	0.624178946881	0.4798131073	0.441910941021	0.0480589459079	0.317503993836	0.608566996336	0.610223096806	0.191301524164	0.447840458258	-0.434167538174	0.867224462768	0.585937867518	0.200089664482	-0.410968815893	0.794986707608	0.45125500801	-0.147122590769	0.502409664712	0.327208628866	0.171915805536	0.0226915458905	0.623245768121	0.554581978507	0.904472877943	0.513128567134	-0.0105633857285	0.574225518793	0.108253479288	-8.84883549986e-05	0.452314329148	0.176099667514	-0.282343191308	-0.0644200743477	-0.277048252159	0.375599189573	0.0503486150231	0.599871769797	0.362328908702	0.79602157167	0.116129736764	-0.127245052826	0.884292719678	-0.520876646214	0.816510346464	0.261386467097	0.499115943694	0.165231075074	0.0703900082678	0.798799131075	0.706031902453	0.267606941418	-0.214627683204	-0.0414735000345	0.845953271414	0.141435072973	0.654999162909	0.220259388738	0.519048396087	0.356483249651	0.624369541649	-0.175630191475	0.666197673827	0.35637229068	0.609487428692	-0.0101055494797	0.498889270106	0.596068074084	0.348996757003	0.230716843346	0.494889854953	0.542980891876	0.685929802601	0.884551303357	0.581406058831	0.0475910433716	-0.270606987797	0.647154065447	0.503710948758	0.488157249796	0.43164799173	0.329538080959	0.539983520389	0.656492937699	0.560902449452	0.467571060488	-0.0144286335011	0.190679980928	0.87777520694	0.592786829204	0.408010020466
420	-0.107175846228	0.112789059796	1.0	0.133902847123	0.551940694522	0.221669292072	-0.164980058113	0.45866266189	0.0457186117671	0.227270391583	0.0795996154173	0.478679323604	-0.183053242193	0.052558082334	-0.11106031127	0.424952362034	-0.0536108129744	0.142061887183	0.3119842098	0.110467017403	0.0253041471193	0.551392267394	0.109495158405	-0.155777231499	0.199451677489	0.329335693364	0.112545762591	-0.0598988298426	-0.122924365375	0.223275549042	0.0215121283012	0.00193738159635	0.378901908118	0.322320943009	-0.190118935503	0.120297870662	-0.218463513211	0.294203097924	0.907090947103	0.13611066405	0.491518423555	0.216184708975	0.372614797661	-0.135046300411	0.0423028481834	-0.417783206366	-0.000611152642892	-0.129340859025	0.22220066927	0.475583279721	-0.296105068084	0.120228686346	0.206696773649	0.282854185978	-0.15679714625	-0.263943115777	-0.0251509511396	0.0637466728658	0.235940392803	0.722186184507	0.239999294965	0.215345418433	0.0759676125269	0.116871446959	0.223517321505	0.309615835264	0.244157883237	-0.207663696131	0.419561659805	0.276808670344	0.351570285469	0.180452580067	0.71166015864	0.286800444924	0.151812210687	0.0814972419894	0.629163218726	-0.287890931319	0.0586821548343	0.0645080102104	0.155908507386	0.165373011218	0.414795630813	-0.23274189046	0.0907074419121	0.223722070108	0.0887818190196	0.224144246774	0.538715488277	0.419809762747	0.123583005709	0.203545904101	0.540684541413
165	-0.513903062411	0.624178946881	0.133902847123	1.0	0.376888928347	0.229372896755	0.10267878586	0.426581878558	0.810568859401	0.639268572475	0.239667522471	0.522272222515	-0.591945772718	0.744400223717	0.412035244466	0.0586968156787	-0.536814531324	0.745337641301	0.350060028308	-0.234672522606	0.443755856627	0.351466079325	0.280858531026	-0.00555824066649	0.651568885094	0.893726685763	0.681862548157	0.296550378099	-0.0828931484263	0.427584644749	0.0859269455139	-0.0348847717098	0.327867714915	0.373680476335	-0.423764730485	-0.00800885376201	-0.479398232449	0.428189674402	0.0506167224257	0.557351196441	0.430808006853	0.706916558794	0.0757690420994	-0.28640463121	0.684857784086	-0.490259754533	0.71830625612	0.162096912227	0.424803601504	0.0542933602578	0.0110837392727	0.549083067855	0.541094712745	0.186079686827	-0.171398376465	-0.18992801107	0.65855557722	0.00833752670406	0.715529704385	0.340306270371	0.44857413876	0.455751285833	0.822322711819	-0.213658300109	0.733155061816	0.532863440497	0.542993043885	0.0304370815616	0.465226110744	0.654375910326	0.14580109629	0.19161066507	0.44321038383	0.547479558199	0.641126961423	0.746561320769	0.499841647414	-0.0433378403762	-0.32725169042	0.472686757616	0.56621346548	0.39898978256	0.537822201738	0.434569031162	0.585841872157	0.729978949932	0.430634965787	0.482409216018	-0.0426513097275	0.0800956539383	0.725906593893	0.501740548621	0.411330641435
3154	-0.200468416829	0.4798131073	0.551940694522	0.376888928347	1.0	0.534599782819	-0.116086621595	0.326824171557	0.406693759916	0.545268890455	0.117805742438	0.469324137165	-0.44217187891	0.410859073635	0.276448369536	0.411118847564	-0.236423335684	0.589446535639	0.270578643805	-0.0263868333186	0.422620056995	0.485602840878	0.182605565123	-0.144579935093	0.513910810339	0.494296523874	0.580851378792	0.278289820269	-0.233582258746	0.370787196268	0.0106459482902	-0.0800215441424	0.342209773756	0.333171710099	-0.353204547591	-0.0972743508043	-0.417972335624	0.390139254415	0.506777602342	0.249658575007	0.46883927554	0.67643182743	0.0884258072727	-0.24381034575	0.492447376869	-0.719147198789	0.457158410193	-0.0188043214654	0.60129215376	0.459291571959	-0.269987459855	0.502339858555	0.510202466612	0.169783410623	-0.251894670221	-0.325403180331	0.398787825017	0.0155705669691	0.578416543179	0.503490995346	0.320969592108	0.388965360041	0.416331961818	-0.0120968020572	0.528628992879	0.547021061012	0.664271717456	-0.0980168906323	0.720226954887	0.508083430072	0.236161152886	0.373317396696	0.734736149675	0.606858742452	0.482613850754	0.508021889991	0.702073928336	-0.353125707401	-0.00564370666602	0.367517308085	0.324996273613	0.425585872985	0.447111179986	-0.109885287943	0.207800587686	0.5774445484	0.456517664524	0.381475758208	0.111779525702	0.380653190787	0.535208913434	0.247197548125	0.525418516216
116	-0.030133757975	0.441910941021	0.221669292072	0.229372896755	0.534599782819	1.0	-0.129573745255	0.180477829751	0.239670216846	0.435838476529	0.0906934291124	0.323713216386	-0.239955786785	0.304558844092	0.404373098661	0.176599096561	-0.0893309868025	0.412287310841	0.320459674837	-0.00577943096362	0.444250336898	0.347947516147	-0.00366773093174	-0.0972428966259	0.417122522203	0.283286865546	0.452599737713	0.416210356459	-0.191532182396	0.342383220384	0.158184424185	-0.0493217768888	0.360558832875	0.111325957005	-0.260938614633	-0.0511298139333	-0.14859933014	0.256244694787	0.214764177887	0.225582366948	0.297830389785	0.489162585811	0.0598070225667	-0.242319742369	0.422185413288	-0.577619262355	0.331661295879	0.190428442108	0.613698805403	0.156170517205	-0.101781947667	0.480487896812	0.472963720285	0.226087270224	-0.120316931724	-0.22086230959	0.401457610494	0.0712920126091	0.434322177097	0.223528664209	0.324441005194	0.279682826889	0.250034820651	-0.0163285876381	0.423933985218	0.367892020529	0.410589293914	-0.0692393220675	0.586588014381	0.418995188214	0.215067163642	0.31690835552	0.481884891444	0.504104739341	0.345985577912	0.376113058736	0.488593451325	-0.193862325934	-0.0678633195828	0.362938910081	0.241743998767	0.406758689786	0.28683136555	-0.123448043478	0.217916547513	0.428601201042	0.427359781193	0.235124638947	-0.00630876760606	0.117114437482	0.398940922399	0.23531302965	0.40380370548
2866	-0.273061667585	0.0480589459079	-0.164980058113	0.10267878586	-0.116086621595	-0.129573745255	1.0	0.00389918289569	0.0840145483974	-0.137000466542	-0.037500225729	-0.00514961176602	0.00240125384221	0.127105051257	0.0426198370393	0.00222768217847	-0.124804616529	0.022740271273	-0.0322409685536	-0.0340955846639	0.119766734875	-0.0115600301163	0.0505679990089	0.0223619084063	-0.10983833602	0.0437411788178	0.0877520984146	-0.0288344007523	0.152837989528	0.0681963487927	-0.0163375510961	0.000785369265308	-0.129585515463	0.105222623818	0.0286374043787	-0.0881085758982	0.0546485901744	0.0282451235087	-0.0866948775545	-0.0223322851491	0.0127735665823	-0.0408983824018	0.0069367215972	0.172154359281	0.0252190866242	0.0976690592798	0.0741761083849	0.190611441453	-0.0611677438462	-0.00129517250215	0.264216078679	-0.0416187767114	-0.103132012933	-0.119987574589	0.041733401636	0.274876606236	-0.00993893533185	-0.159196418051	-0.0421882349037	-0.0484522847812	-0.0884980223454	0.0225030185135	0.0890923925233	0.0466333820777	-0.0746834324336	0.111833368429	0.0698443689043	0.214497979765	-0.0845743667472	0.0713946601466	-0.00130118477676	-0.0153822865048	-0.0607785010135	0.0567078486029	-0.0817871101965	0.0962522814501	-0.0682745519855	0.273539295762	-0.179258296198	-0.097267172198	0.0234687150782	0.187641851474	0.0227258166865	0.251629057323	-0.00605555301658	-0.0646200511198	-0.11646085483	-0.0153064461147	0.0410084052626	0.0120069240596	0.0353822876795	-0.0109037011217	-0.020018841687
159	-0.336341553945	0.317503993836	0.45866266189	0.426581878558	0.326824171557	0.180477829751	0.00389918289569	1.0	0.215081150955	0.262008681659	0.146131059677	0.606053420681	-0.28958488474	0.331404153683	0.157768866699	0.360040991977	-0.231264117952	0.225142374896	0.442912982183	-0.14789438213	0.127089379085	0.489084835264	0.184897885013	0.103882915394	0.250986295378	0.545071881457	0.249506067431	0.122038811811	-0.167851416089	0.252843198624	-0.0584891800497	-0.04002175718	0.425392269223	0.413844931462	-0.316594041781	0.211847633535	-0.268046900039	0.399117740799	0.411493504656	0.526556356166	0.568805748951	0.238474774412	0.376347389954	-0.265350897206	0.224413319006	-0.377896229841	0.221992820256	0.0364836603018	0.192584053693	0.372476019891	-0.294423152906	0.177060369998	0.21996244138	0.343369971277	-0.171308330532	-0.372123629664	0.20507978866	0.0683887223998	0.335173250841	0.402605840099	0.48244940946	0.321395623609	0.255867097079	0.000836607990456	0.365744863567	0.307570487773	0.306045247012	-0.0978459596184	0.367396787491	0.439530369054	0.368947256781	0.155994047559	0.476721646763	0.322570036488	0.339604333529	0.301752997491	0.474510092998	-0.310458231662	-0.151414260216	0.200005559592	0.351595375647	0.327309286156	0.605094961806	0.0614693065677	0.445419026107	0.32966353629	0.0286402417928	0.335000132713	0.132436288917	0.372401020533	0.284082985603	0.545087874024	0.579555139566
135	-0.46230490319	0.608566996336	0.0457186117671	0.810568859401	0.406693759916	0.239670216846	0.0840145483974	0.215081150955	1.0	0.693262700624	0.270679719333	0.373080226416	-0.613009509127	0.737031564275	0.481815436841	-0.0513896958077	-0.590507080387	0.812276578225	0.260565118208	-0.238739086316	0.518767904162	0.272964185093	0.310691549725	-0.0601719628205	0.703044429171	0.703754043478	0.692687761292	0.371815687378	0.000351107946316	0.438862512801	0.128299688784	-0.0847531268018	0.258730669875	0.305742478461	-0.34815638761	-0.0936144584295	-0.511373041841	0.384367514905	-0.0976752882338	0.490001456462	0.329524278232	0.759810934043	0.0563516771742	-0.188931689804	0.719944912789	-0.478047091493	0.752715431579	0.110888531552	0.475267391868	-0.0123103092083	0.0518847587702	0.573565273129	0.530660774251	0.116026929596	-0.122260416203	-0.0794897961928	0.694714209828	0.0258564601244	0.794495458532	0.255382611672	0.363070990966	0.425014053222	0.972088327497	-0.229870087381	0.756170202269	0.445430305191	0.492612151542	0.0474474716128	0.456295258048	0.643527527299	-0.018945799589	0.204938313135	0.438161267059	0.516912373276	0.732876416107	0.764852475993	0.455773479639	0.0514175077287	-0.296751781433	0.542003281779	0.585173048283	0.388648045074	0.421904471619	0.522381785479	0.547072732766	0.817657557818	0.57242856436	0.494890187676	-0.142994765846	-0.0154731064787	0.763513971452	0.415661938392	0.301610057402
172	-0.269911133488	0.610223096806	0.227270391583	0.639268572475	0.545268890455	0.435838476529	-0.137000466542	0.262008681659	0.693262700624	1.0	0.201712030748	0.39461298935	-0.571150959123	0.617068352484	0.437772465928	0.118859464605	-0.393053368091	0.73455360087	0.331882733897	-0.0958410455361	0.406256901497	0.31680455666	0.227474215832	-0.0695982419929	0.980799616683	0.622026717973	0.64440954719	0.398221763324	-0.108027019669	0.348290821488	0.102676151919	-0.0401493763774	0.348627195477	0.183857574289	-0.386588895407	-0.0143212928984	-0.438494047594	0.388886448432	0.134149026144	0.456684547955	0.341539869344	0.740474840896	0.0846847740986	-0.275341923331	0.686288566697	-0.587084368504	0.657415253258	-0.0283933307494	0.542013205898	0.115960026464	-0.117053255378	0.563407285601	0.595319271931	0.162170710456	-0.186459992878	-0.25199738643	0.671503198526	0.0711316638367	0.747088879071	0.321071630492	0.407685847815	0.37759995667	0.704316903306	-0.144695524948	0.756049004444	0.447712464341	0.516926137466	-0.0688303505983	0.570483597527	0.564187606076	0.188721548413	0.282600896624	0.536639794254	0.568705773725	0.69191015487	0.670247610016	0.589317772906	-0.149093305635	-0.194187750688	0.525334467789	0.525877151285	0.405371156736	0.380693402566	0.279829607543	0.511215476916	0.76246947389	0.549957412228	0.494395552973	-0.151294781479	0.106214969085	0.695698326015	0.404413478287	0.362304828944
4	-0.073718601505	0.191301524164	0.0795996154173	0.239667522471	0.117805742438	0.0906934291124	-0.037500225729	0.146131059677	0.270679719333	0.201712030748	1.0	0.110880128171	-0.314643432201	0.24439212078	0.0697101881045	-0.0342133737326	-0.162672199087	0.189303902176	0.172492778864	-0.1291459384	0.0617169306761	0.119308647995	0.0862777609173	-0.0610479031327	0.207843980629	0.200917079139	0.17351883344	0.0738908261997	0.0539423032942	0.116710540401	-0.0107529922219	0.04401144582	0.202570333891	0.098787927391	0.0295801806445	0.136501735989	-0.258182584349	0.122353971945	0.0374164375969	0.205526957804	0.0776741356988	0.185027721	-0.074292138023	0.0594453762831	0.203420783483	-0.131487538299	0.252373394732	0.00123552143392	0.209623157352	-0.0238588365373	0.00911595406481	0.0589855297766	0.0189252702587	0.213955905951	0.238835692572	0.0846999780417	0.200512314675	0.0615731869349	0.242617646162	0.280406504986	0.102691520582	0.127510477064	0.263778604587	-0.0327992301221	0.269830535217	0.181006614857	-0.0032730207348	-0.00673443006007	0.104298766757	0.24667717438	-0.0633042056386	0.129720438078	0.126589222219	0.103945926611	0.204454392937	0.199921565306	0.152137265672	0.0542008061178	-0.0479406568527	0.126509513771	0.167109796796	0.143997823307	0.133782643203	0.123544679937	0.313244610023	0.23884938363	0.0306472132349	0.218482828342	0.0408271775512	-0.0476610174135	0.228381449693	0.179466022238	0.177763464999
154	-0.310790291242	0.447840458258	0.478679323604	0.522272222515	0.469324137165	0.323713216386	-0.00514961176602	0.606053420681	0.373080226416	0.39461298935	0.110880128171	1.0	-0.322955784332	0.499180331263	0.142556559763	0.312682143195	-0.220514145676	0.436507169712	0.649501489798	-0.11450827901	0.268986165862	0.721350134002	0.141842105074	-0.0142614946621	0.393551457317	0.619353829994	0.450073248218	0.0852643661115	-0.259115808912	0.276322766424	-0.0425768535704	0.0250092150998	0.404804966291	0.581527371454	-0.322894984429	0.10196236983	-0.387099956222	0.520747157705	0.465205261542	0.387717220589	0.845424347628	0.449434988667	0.212759416966	-0.299483751741	0.365280710026	-0.593980021573	0.392414088805	0.0704633000376	0.366422303808	0.291860718589	-0.168134810516	0.361174320171	0.407525461622	0.383987003637	-0.205539232623	-0.319776419418	0.31000861058	0.0396874902881	0.550983312593	0.433958583649	0.768554691343	0.455654093197	0.398270412349	-0.0923901168336	0.545891535618	0.472866002312	0.43867290961	0.0279482755231	0.580720946215	0.471192385695	0.369918734917	0.253453303962	0.546449984999	0.435294676742	0.362324568519	0.502836945703	0.592726528636	-0.281332916063	-0.133747653555	0.184227019119	0.299292168617	0.442028382766	0.90097769398	0.136180070233	0.514841008301	0.530271013403	0.161438158968	0.471124818219	0.154306467907	0.30415426916	0.47603541556	0.394028030707	0.756378718154
8718	0.334997468266	-0.434167538174	-0.183053242193	-0.591945772718	-0.44217187891	-0.239955786785	0.00240125384221	-0.28958488474	-0.613009509127	-0.571150959123	-0.314643432201	-0.322955784332	1.0	-0.509164173683	-0.327487751438	-0.120731917387	0.401372191368	-0.594530661386	-0.220518660491	0.0888109002206	-0.328019769301	-0.272337335709	-0.301322092817	0.0669512048642	-0.566190214756	-0.5757067108	-0.479740191161	-0.288004848994	0.0665801725919	-0.275845561701	-0.132805475561	0.0518284286445	-0.275775597395	-0.22608335453	0.327694920647	0.0090733494562	0.484369196288	-0.348479054262	-0.107793014859	-0.365977727754	-0.299846985247	-0.585177837674	-0.0299660696513	0.21988097028	-0.511195835695	0.428200971914	-0.539882297283	0.0437592727075	-0.434837835344	-0.133926230391	0.112004633196	-0.390694829868	-0.398732688134	-0.165041933665	0.120799906865	0.205328324333	-0.510194251401	-0.0105757401798	-0.588548787789	-0.409608844375	-0.270629608555	-0.314077807524	-0.612482099702	0.104134057879	-0.676266950552	-0.395745683062	-0.347579479712	0.0624722304524	-0.411857120372	-0.503852540459	-0.100359464167	-0.173990868004	-0.350830533958	-0.408622011581	-0.561945129866	-0.535425190863	-0.365270563111	0.11583342378	0.210926424957	-0.384974302722	-0.415867212516	-0.261250583896	-0.324301131337	-0.279209226775	-0.448543112876	-0.593811587395	-0.354453237967	-0.402138290663	0.00043610165474	-0.151310337566	-0.556583024608	-0.32440356291	-0.304871043545
3192	-0.420476102926	0.867224462768	0.052558082334	0.744400223717	0.410859073635	0.304558844092	0.127105051257	0.331404153683	0.737031564275	0.617068352484	0.24439212078	0.499180331263	-0.509164173683	1.0	0.473271741315	0.110775756206	-0.487647217101	0.857268262739	0.403593492232	-0.232335398441	0.483236254936	0.319573124427	0.250261257711	-0.0581923681156	0.636279907579	0.658783035335	0.869685340033	0.3539517685	-0.0733303362299	0.474802230859	0.0274297172295	-0.0255224071798	0.271712286229	0.305720509794	-0.283453973796	-0.0416984620254	-0.505009755295	0.441678633882	-0.00391583311753	0.561543156819	0.403447604626	0.808463592655	0.0415396345744	-0.135215594326	0.869663132734	-0.481811821558	0.920530842969	0.217278230383	0.448523885974	0.0821058994831	0.0810061726866	0.673708969774	0.604347847258	0.16917714069	-0.127925313736	-0.0295086533038	0.831077521949	0.00158478390775	0.667966905228	0.247076334104	0.492411529407	0.436868230815	0.735013909091	-0.207840743355	0.710884402603	0.428018439827	0.612093268419	0.0965360530178	0.452972344805	0.633691203541	0.243126360211	0.223818033914	0.425536337333	0.501343045509	0.665194668643	0.951885560313	0.539056969671	0.0179535733691	-0.296382144241	0.505068955189	0.513926936568	0.440170790315	0.507831101677	0.542228724636	0.654126138815	0.673843960462	0.488838816871	0.545180694096	-0.0901808207204	0.092104512721	0.915405457654	0.530237195889	0.379920519768
8727	-0.208635995974	0.585937867518	-0.11106031127	0.412035244466	0.276448369536	0.404373098661	0.0426198370393	0.157768866699	0.481815436841	0.437772465928	0.0697101881045	0.142556559763	-0.327487751438	0.473271741315	1.0	0.0107126769083	-0.316871459388	0.488176224946	0.197129052881	-0.181638845386	0.506422988319	0.115519280348	0.153770370146	0.0396370535235	0.444421919556	0.317123557368	0.559198569304	0.865961481602	0.0652969009005	0.526509459779	0.259973225016	-0.0587685358427	0.39175084503	0.0537332406123	-0.307004197313	-0.156342584258	0.00301400044467	0.232032485532	-0.193519778298	0.45273589723	0.116376690051	0.487864958662	0.0551492234371	-0.159603406541	0.588917784608	-0.363482665534	0.499290287344	0.364218308001	0.41072212144	0.0119683024117	0.184692324218	0.589972939037	0.479435823072	0.181304338259	-0.21885839791	-0.015368103902	0.595736244442	0.170935377554	0.460880932483	-0.0413010183488	0.276929804508	0.211957929172	0.497350634132	-0.110828928947	0.440895591886	0.185448385871	0.508376327226	-0.0307174495856	0.364658795545	0.498232615037	0.0574450216794	0.149799100287	0.371931135596	0.423182993673	0.564078624284	0.506796851723	0.357350459528	0.169488575519	-0.21495509552	0.593765788361	0.465969957458	0.548315751535	0.189392203179	0.222926939778	0.291199177109	0.473315738427	0.58002075431	0.271555937761	-0.120187776969	0.0454569302651	0.49839769792	0.43367906599	0.192114056446
3160	-0.115589474392	0.200089664482	0.424952362034	0.0586968156787	0.411118847564	0.176599096561	0.00222768217847	0.360040991977	-0.0513896958077	0.118859464605	-0.0342133737326	0.312682143195	-0.120731917387	0.110775756206	0.0107126769083	1.0	-0.0747068658763	0.123610503421	0.263246891335	0.088431573997	0.0279912390921	0.32564834726	0.117653584573	0.0271412349217	0.116982623555	0.217863137768	0.178203429019	-0.0188815493375	-0.0588661465973	0.0622018577984	-0.000865211009017	0.0216126635913	0.164862116516	0.122818099644	-0.121360444923	0.188633293335	-0.273460908268	0.177747770273	0.462098773715	0.168365701701	0.328505185159	0.172119164351	0.497178817991	-0.059112769766	0.0943316740571	-0.282925994949	0.0628174063741	-0.115257137437	0.217353970711	0.926525410549	-0.298521821288	0.105267655905	0.259761035804	0.116958011397	-0.120672090739	-0.227226967785	0.0244524460157	-0.0189440852285	0.113688033067	0.312908822622	0.259842216232	0.135678105858	-0.0173427075379	0.188190514248	0.196629419781	0.169615820265	0.251451620225	-0.144092870428	0.291943221277	0.123934123115	0.762366369703	0.136397835204	0.315829196216	0.185378520644	0.116576806093	0.151238459102	0.316074622011	-0.244307359672	-0.0124968839536	0.0594558330705	0.104965993683	0.177677641726	0.259830586864	-0.139236957911	0.19470981547	0.0977535057455	-0.0113722234783	0.129012235899	0.147232277053	0.622380618975	0.142311436054	0.204354065384	0.305130145035
138	0.572531491459	-0.410968815893	-0.0536108129744	-0.536814531324	-0.236423335684	-0.0893309868025	-0.124804616529	-0.231264117952	-0.590507080387	-0.393053368091	-0.162672199087	-0.220514145676	0.401372191368	-0.487647217101	-0.316871459388	-0.0747068658763	1.0	-0.51649379886	-0.141004935741	0.0746503845849	-0.38790995992	-0.271808794774	-0.308620586835	0.0937705929102	-0.40624687808	-0.477028837868	-0.45957745636	-0.175173388811	-0.202181135844	-0.351107321473	-0.130276026784	0.0706608067832	-0.16875827999	-0.232664875483	0.187547997381	-0.0167194935335	0.330096683146	-0.336437743795	0.00193610703988	-0.414250156679	-0.311836159371	-0.48698006184	-0.0406170564655	0.0322772309136	-0.477957383406	0.199240186599	-0.483108360671	-0.153602540077	-0.232839247854	-0.082095656882	-0.0317821990635	-0.377775159615	-0.347005483729	-0.0218382161661	0.132123638613	-0.0359431663341	-0.462405128357	0.0536381182584	-0.450420867356	-0.259745344424	-0.192756615021	-0.273126267079	-0.584188512432	0.108241799645	-0.453527388451	-0.263796800512	-0.275138775915	0.182214053051	-0.193381880645	-0.477538246935	-0.087062040271	-0.112318124934	-0.246402698808	-0.328683861911	-0.539789553242	-0.490988415016	-0.290563277028	-0.184554634322	0.247168779511	-0.452493988125	-0.317943281824	-0.174224641592	-0.279796103602	-0.327040321252	-0.3257253455	-0.475327002009	-0.355793587804	-0.320525456411	-0.0554788181968	-0.0552678436564	-0.493064288173	-0.395851666181	-0.218972065577
3175	-0.355680961675	0.794986707608	0.142061887183	0.745337641301	0.589446535639	0.412287310841	0.022740271273	0.225142374896	0.812276578225	0.73455360087	0.189303902176	0.436507169712	-0.594530661386	0.857268262739	0.488176224946	0.123610503421	-0.51649379886	1.0	0.325804763074	-0.115860818016	0.553284782167	0.351101558969	0.30001248197	-0.0893955738875	0.736289895744	0.698908971716	0.883591210607	0.426207010428	-0.0853689522442	0.521175602507	0.155595282372	-0.0699226891446	0.310965703595	0.244938975899	-0.35385636293	-0.129387487414	-0.555670948341	0.418907289316	0.0712358738616	0.464139175632	0.381158386836	0.978542029596	0.0403490699241	-0.232354060204	0.895392774601	-0.581707073181	0.88770323127	0.140871833727	0.568058495485	0.116683076853	0.0271385859418	0.785389979833	0.757749498803	0.124916277175	-0.185511412724	-0.130836703921	0.847300141561	0.0705469677295	0.767593616504	0.353603500154	0.420091001189	0.424300675744	0.807102802891	-0.221924512431	0.790443691763	0.455147803999	0.644149807386	-0.000226506833632	0.559927430867	0.678398979986	0.221040055354	0.270350170961	0.516255389777	0.590124129497	0.754277149691	0.91893364363	0.583926224416	-0.0272664227032	-0.290155676245	0.613313393645	0.542546367293	0.388047507227	0.425028562334	0.446960376315	0.519193609837	0.781218695528	0.680159304822	0.498331771971	-0.0440588583682	0.108860477791	0.935659794158	0.42458873596	0.355996679303
143	-0.142470174938	0.45125500801	0.3119842098	0.350060028308	0.270578643805	0.320459674837	-0.0322409685536	0.442912982183	0.260565118208	0.331882733897	0.172492778864	0.649501489798	-0.220518660491	0.403593492232	0.197129052881	0.263246891335	-0.141004935741	0.325804763074	1.0	-0.0737223306	0.164055906698	0.645818627344	0.0304385671793	0.0704279374825	0.338495206868	0.35662026711	0.369651620596	0.147926914065	-0.0406265634227	0.267914199693	-0.00234819890872	0.0859444409206	0.473884364955	0.224250045726	-0.114648195384	0.148742493422	-0.215970409679	0.331247319918	0.298478965277	0.440363885891	0.564673098098	0.343340784225	0.246712281649	-0.0749269900693	0.333252461201	-0.45773130127	0.307843049679	0.118630230863	0.320829668625	0.229159927218	-0.0464425835772	0.31166917176	0.312719220763	0.482173047627	-0.0938298866559	-0.074626829843	0.297161122335	0.128153799149	0.444025273413	0.249781148617	0.704427280613	0.324848233719	0.286304055382	-0.0186232999898	0.462213914745	0.290200036787	0.251196569074	-0.00994755664216	0.441448344937	0.362255550141	0.401648398309	0.185050706817	0.424399963005	0.31309243451	0.309379572289	0.401877707486	0.473694628811	-0.0468331153098	-0.14525131456	0.238056849236	0.281838789513	0.403893390172	0.591366787923	0.0606879694687	0.493970865718	0.428599172693	0.132848992249	0.364686154377	0.0405589717134	0.253052438602	0.385527133978	0.434491268371	0.716806627185
3040	0.116108254217	-0.147122590769	0.110467017403	-0.234672522606	-0.0263868333186	-0.00577943096362	-0.0340955846639	-0.14789438213	-0.238739086316	-0.0958410455361	-0.1291459384	-0.11450827901	0.0888109002206	-0.232335398441	-0.181638845386	0.088431573997	0.0746503845849	-0.115860818016	-0.0737223306	1.0	-0.170424999034	-0.030951143345	-0.0745618092214	-0.0263369928135	-0.105993604099	-0.149294194701	-0.149127121062	-0.137876172806	0.0685564259964	-0.119752922134	0.13708777761	0.0576517221088	-0.00949529682396	-0.559846151961	0.148548090986	-0.00779708288118	0.065469786487	-0.161053165834	0.190838121843	-0.128815367032	0.0178002515155	-0.0864853915351	0.00982791422677	0.0162245582516	-0.144822827082	0.0586996061673	-0.198274843569	-0.0920135363348	-0.075276999269	0.0623630626821	0.00392758989613	-0.110886203325	-0.054651128735	-0.0179910592932	0.0339313540532	-0.00174015593101	-0.162124928965	-0.00249553286445	-0.136741107416	0.0510433645921	-0.110305589771	-0.0907611580288	-0.231179902179	0.0902588962447	-0.0728213778676	-0.0485112324601	-0.220140350177	-0.139072236887	-0.0399560331677	-0.180074975862	0.174774319786	-0.135836475947	-0.0980633550308	-0.0575651652993	-0.175307060501	-0.185590386702	-0.0641495066244	0.0391140712834	0.039111668731	-0.0636427210485	-0.214304900783	-0.123357780918	-0.43349986407	-0.246264932809	-0.180505817599	-0.1507057768	-0.134805361145	-0.139539945472	0.17266768879	0.0992271634951	-0.166732359382	-0.0937647677151	-0.199215238219
119	-0.336181281819	0.502409664712	0.0253041471193	0.443755856627	0.422620056995	0.444250336898	0.119766734875	0.127089379085	0.518767904162	0.406256901497	0.0617169306761	0.268986165862	-0.328019769301	0.483236254936	0.506422988319	0.0279912390921	-0.38790995992	0.553284782167	0.164055906698	-0.170424999034	1.0	0.380935614527	0.304521179693	-0.15710598484	0.408242496307	0.396547833593	0.602868205275	0.41448809943	0.0220467405427	0.487245515645	0.180979639778	-0.0723925519409	0.233263200225	0.355837115558	-0.313944636818	-0.153468431201	-0.179765143408	0.378605673335	-0.0196163305982	0.280337634136	0.336694923574	0.553524569929	-0.0144508275538	-0.16453176365	0.564133210195	-0.491888987496	0.514546166122	0.303491133759	0.725666698358	0.0386319357764	0.104495876634	0.581269068746	0.524689395435	0.0315305987588	-0.18132780899	-0.0369995179457	0.525386365369	-0.01448217117	0.496719906326	0.134006437667	0.160466595738	0.311332279245	0.523548741914	-0.117788757637	0.429006123795	0.397133790677	0.49313801977	0.0383530649934	0.505321673518	0.530328299559	0.035442701259	0.286287490207	0.431954237284	0.588630546443	0.523948884006	0.552943010645	0.419469605821	0.107623982331	-0.127485434608	0.490376724789	0.302744695347	0.403048461967	0.351130587318	0.25651498839	0.192285700752	0.48685667287	0.597154803047	0.333348012365	0.0046116629503	0.0557305917858	0.55149463406	0.266336151502	0.37483197467
146	-0.304001978692	0.327208628866	0.551392267394	0.351466079325	0.485602840878	0.347947516147	-0.0115600301163	0.489084835264	0.272964185093	0.31680455666	0.119308647995	0.721350134002	-0.272337335709	0.319573124427	0.115519280348	0.32564834726	-0.271808794774	0.351101558969	0.645818627344	-0.030951143345	0.380935614527	1.0	0.282881340179	-0.169644351869	0.3085496313	0.459618115459	0.368102668699	0.0708370792369	-0.0724234810828	0.267977373496	0.106349867069	0.00438910566684	0.39799288231	0.628321139912	-0.228988923289	0.144396239501	-0.304935641104	0.540353508415	0.558006545568	0.272542806733	0.825355489968	0.388497148764	0.161954609919	-0.173337271274	0.289273416897	-0.555680606337	0.251677942232	0.0490451991032	0.420613554501	0.309256712054	-0.162839597652	0.352419376974	0.398006289621	0.314750971569	-0.179316215218	-0.200013178673	0.222685419357	0.0161679472271	0.429333152418	0.523304757656	0.423961123829	0.37200265033	0.291868270018	0.0214235864649	0.416988397423	0.433571443536	0.317708153108	-0.104032465016	0.56969584223	0.429856984802	0.326614734313	0.297508675931	0.553318641151	0.471275447503	0.338093909086	0.364455212226	0.548729390453	-0.134377388297	-0.069211171313	0.216754137665	0.138869690324	0.372617742813	0.737454814645	0.00927178379672	0.311784946698	0.399339352869	0.219902841898	0.416956780044	0.332796472719	0.291384377961	0.376784673434	0.296740817832	0.882516302304
122	-0.239448661928	0.171915805536	0.109495158405	0.280858531026	0.182605565123	-0.00366773093174	0.0505679990089	0.184897885013	0.310691549725	0.227474215832	0.0862777609173	0.141842105074	-0.301322092817	0.250261257711	0.153770370146	0.117653584573	-0.308620586835	0.30001248197	0.0304385671793	-0.0745618092214	0.304521179693	0.282881340179	1.0	-0.12858215879	0.2185584502	0.259485020997	0.244211743211	0.135910847166	0.0868416752919	0.064601503579	0.106312093134	-0.0367023720627	0.0675150301115	0.306390944895	-0.196589264374	0.0768568161875	-0.334069531775	0.270640467075	0.0594078710583	0.153958421808	0.286257660665	0.272349881648	0.0249864282241	-0.0291561498333	0.252135140959	-0.169911739629	0.260174361335	-0.14464824651	0.23870105342	0.122661588641	-0.0831263289512	0.2075102214	0.279778825718	-0.0251133038061	-0.0866887104435	-0.0537828391685	0.238893670885	-0.0252182664397	0.240137094392	0.198992020231	0.027340402657	0.126073313647	0.308883026991	-0.0200732589159	0.291045398518	0.129511921234	0.131746776167	-0.0717462765454	0.181578880777	0.204800098658	0.067449412999	0.144441484549	0.153022420247	0.1984553802	0.380450852758	0.288080097161	0.154730589098	0.0264101244522	-0.0821292838012	0.225043570683	0.131634906282	0.103891499843	0.242207247985	0.258357202138	0.327649090823	0.239815524119	0.223502626568	0.308838139814	0.00502201667965	0.106720073088	0.311766856139	0.115732079442	0.209368852993
2718	0.100611557431	0.0226915458905	-0.155777231499	-0.00555824066649	-0.144579935093	-0.0972428966259	0.0223619084063	0.103882915394	-0.0601719628205	-0.0695982419929	-0.0610479031327	-0.0142614946621	0.0669512048642	-0.0581923681156	0.0396370535235	0.0271412349217	0.0937705929102	-0.0893955738875	0.0704279374825	-0.0263369928135	-0.15710598484	-0.169644351869	-0.12858215879	1.0	-0.0645391260058	-0.0237725285291	-0.0504748550259	0.102241297086	-0.0687295899336	-0.0251003819223	-0.130384546143	-0.0184356307577	0.0865405241688	-0.202651982452	-0.0753233879386	0.0416652643437	0.132997551803	-0.13132580585	-0.171351064374	0.127999979545	-0.114248112399	-0.101605596886	0.178162353778	-0.0648753175137	-0.0199226541316	0.0678588292669	-0.0726173923082	0.000898769186261	-0.143305538743	0.0284401958198	-0.0640117826799	-0.0432803263667	-0.0284167536173	0.0317074683282	-0.0605542712079	-0.113965632658	-0.00209357641759	0.490470240218	-0.00637045360085	-0.235955204646	0.185026766783	-0.106989039478	-0.0416227174917	-0.0746311637348	-0.0114220452555	-0.160829703993	-0.0426770574663	0.0104950522832	-0.0793840122686	-0.0780991772023	0.0860210624831	-0.161989090824	-0.108020080682	-0.131334543051	0.000101015560818	-0.0500660796715	-0.107574110611	-0.101847399474	-0.121342020219	0.071188260902	0.133479214732	-0.0157514906285	-0.0416190879283	-0.00897036694365	0.0755535803748	-0.0035558224079	-0.0571796652521	-0.0700368610299	-0.206530113867	0.0543074746614	-0.0571695355273	0.117610701967	-0.108715916929
173	-0.282750369957	0.623245768121	0.199451677489	0.651568885094	0.513910810339	0.417122522203	-0.10983833602	0.250986295378	0.703044429171	0.980799616683	0.207843980629	0.393551457317	-0.566190214756	0.636279907579	0.444421919556	0.116982623555	-0.40624687808	0.736289895744	0.338495206868	-0.105993604099	0.408242496307	0.3085496313	0.2185584502	-0.0645391260058	1.0	0.621280898538	0.65102164122	0.391789402403	-0.0906986094724	0.350751081092	0.105706296502	-0.0271916175855	0.336379659864	0.183563097902	-0.372258534576	-0.00246555619054	-0.433989279563	0.387024224004	0.111700468348	0.462851499524	0.335724305647	0.735147715731	0.0791830665024	-0.25391647053	0.694330263906	-0.571053085242	0.672602410191	-0.0066374313141	0.531522700392	0.108925706763	-0.0895197354601	0.560233594003	0.586644708415	0.159911043628	-0.178739930609	-0.219163307511	0.679838927094	0.0610800052491	0.745040733962	0.303794905364	0.412845404808	0.376969247714	0.714516827539	-0.14674711798	0.757398229127	0.44567169708	0.51189305426	-0.0513033360114	0.554265057064	0.563938414221	0.1928983601	0.27189187925	0.516865276721	0.563916569238	0.683190774484	0.682160166151	0.576659928038	-0.116799990176	-0.210907359887	0.518193075184	0.529129633968	0.410082012118	0.38149157694	0.30666746609	0.52513782774	0.759270508182	0.539449734021	0.495678056877	-0.157384028348	0.10004505322	0.702068779248	0.409935545306	0.353610802887
166	-0.475657028731	0.554581978507	0.329335693364	0.893726685763	0.494296523874	0.283286865546	0.0437411788178	0.545071881457	0.703754043478	0.622026717973	0.200917079139	0.619353829994	-0.5757067108	0.658783035335	0.317123557368	0.217863137768	-0.477028837868	0.698908971716	0.35662026711	-0.149294194701	0.396547833593	0.459618115459	0.259485020997	-0.0237725285291	0.621280898538	1.0	0.62233104978	0.228725572242	-0.18169652171	0.41261291828	0.0589851699501	-0.0471275848167	0.333215657764	0.413809698429	-0.466541608413	0.0232519396914	-0.531472382071	0.488672869679	0.259805403649	0.516466704924	0.529513655257	0.691673880852	0.192163512037	-0.395888673354	0.603578185482	-0.570104133936	0.63215643366	0.071399182548	0.45608640427	0.217985125557	-0.144726451026	0.506967045111	0.554996483113	0.173764073057	-0.20832814908	-0.372046734172	0.574263796957	0.00395303685826	0.69645138566	0.492243606375	0.460076013072	0.472552479755	0.723221337405	-0.165880786501	0.718552579248	0.604834640876	0.550937181686	-0.021646182013	0.550031104587	0.670104153473	0.271033794858	0.230723744922	0.538042666019	0.575605158655	0.595576104803	0.676190050811	0.575947796649	-0.218857496497	-0.264936981841	0.419166505864	0.527049906267	0.359520036914	0.593172836952	0.291796581653	0.533646944774	0.707842035831	0.38565155383	0.461960229675	0.0736570806891	0.21198688955	0.665879809167	0.488220160394	0.498161428936
3185	-0.34098750903	0.904472877943	0.112545762591	0.681862548157	0.580851378792	0.452599737713	0.0877520984146	0.249506067431	0.692687761292	0.64440954719	0.17351883344	0.450073248218	-0.479740191161	0.869685340033	0.559198569304	0.178203429019	-0.45957745636	0.883591210607	0.369651620596	-0.149127121062	0.602868205275	0.368102668699	0.244211743211	-0.0504748550259	0.65102164122	0.62233104978	1.0	0.471788463529	-0.0601959082591	0.581649235736	0.108395621887	-0.0282925050302	0.362516497825	0.256014975404	-0.339538026102	-0.154132444072	-0.39403535583	0.421698849678	0.0669424035512	0.508726404201	0.392922296652	0.88577578764	0.0527812036794	-0.184239641141	0.924653253457	-0.58547323386	0.860267022546	0.266453433991	0.579758845744	0.158422114156	0.0647973741715	0.847449349324	0.78875300602	0.163350181431	-0.2294699767	-0.0806640689637	0.848237989062	0.0890510876816	0.704922675129	0.27724146492	0.443911956857	0.428405088032	0.698100230312	-0.188809102909	0.691557075518	0.432349317565	0.698782491924	0.0185088881856	0.565995090512	0.656153720436	0.279207979958	0.312392193311	0.547006824442	0.607540650919	0.70564802172	0.927279630527	0.610715662106	0.00623766715071	-0.249985874547	0.647017222281	0.505949628313	0.467241569091	0.450656563078	0.338595622442	0.481217873976	0.708631968658	0.666445625678	0.476567834169	-0.0318329301125	0.170976479711	0.935447497616	0.479815277418	0.412656779293
